%YAML:1.0
---
type: IMU
name: vn100
Gyr:
   unit: " rad/s"
   avg-axis:
      gyr_n: 1.4377347959264467e-03
      gyr_w: 2.6009358014340722e-05
   x-axis:
      gyr_n: 2.3157282475782157e-03
      gyr_w: 6.2095111336009958e-05
   y-axis:
      gyr_n: 1.1294496413863904e-03
      gyr_w: 8.8781491323729110e-06
   z-axis:
      gyr_n: 8.6802649881473370e-04
      gyr_w: 7.0548135746392974e-06
Acc:
   unit: " m/s^2"
   avg-axis:
      acc_n: 1.6730581044725943e-02
      acc_w: 3.2243687888757703e-04
   x-axis:
      acc_n: 1.3341266519646414e-02
      acc_w: 3.6504252678658814e-04
   y-axis:
      acc_n: 1.6061621126541879e-02
      acc_w: 2.6300057535128934e-04
   z-axis:
      acc_n: 2.0788855487989543e-02
      acc_w: 3.3926753452485366e-04
